8571293581801774;11;77.0;2;[2, 5]
8571293603970829;15;79.0;4;[2, 8, 12, 13]
8571293610267573;12;77.0;2;[0, 14]
8571293630328963;1;79.0;4;[0, 1, 7, 12]
8571293641955614;14;78.0;3;[4, 7, 12]
8571293652076284;7;78.0;3;[6, 7, 9]
8571293655914981;10;79.0;4;[0, 2, 11, 12]
8571293657982106;8;78.0;3;[1, 2, 7]
8571293663479695;13;79.0;4;[0, 4, 10, 12]
8571293669865829;9;78.0;3;[1, 2, 6]
8571293672657668;3;78.0;3;[5, 6, 14]
8571293678668041;2;77.0;2;[6, 8]
8571293679455016;6;78.0;3;[2, 5, 12]
8571293690633664;26;79.0;4;[1, 4, 6, 8]
8571293692457567;4;78.0;3;[0, 1, 11]
8571293803445362;30;79.0;4;[1, 2, 10, 11]
8571293821547959;23;79.0;4;[4, 5, 6, 9]
8571293827657201;24;77.0;2;[0, 12]
8571293829815496;27;77.0;2;[0, 6]
8571293847813502;18;77.0;2;[2, 9]
8571293854046566;21;78.0;3;[2, 12, 13]
8571293860343800;29;78.0;3;[4, 6, 13]
8571293860515511;17;79.0;4;[4, 9, 11, 13]
8571293860855883;20;78.0;3;[2, 9, 14]
8571293862754667;16;79.0;4;[0, 5, 9, 13]
8571293874946612;22;78.0;3;[8, 9, 14]
8571293903255850;19;79.0;4;[0, 3, 6, 7]
8571293911301086;25;79.0;4;[2, 12, 13, 14]
8571293925758157;42;78.0;3;[2, 4, 7]
8571293934036284;28;79.0;4;[6, 7, 9, 12]
8571293998657766;39;78.0;3;[4, 10, 13]
8571294007462277;45;78.0;3;[2, 10, 12]
8571294062693023;33;79.0;4;[0, 2, 5, 12]
8571294066942953;32;79.0;4;[0, 5, 8, 14]
8571294077266645;37;79.0;4;[0, 3, 4, 14]
8571294080812180;44;78.0;3;[2, 8, 13]
8571294084700897;35;77.0;2;[9, 14]
8571294092925084;34;78.0;3;[2, 4, 5]
8571294108910396;57;77.0;2;[4, 12]
8571294136583479;31;78.0;3;[2, 9, 14]
8571294140790499;40;77.0;2;[6, 10]
8571294168805325;53;77.0;2;[10, 14]
8571294197524905;54;79.0;4;[0, 1, 6, 7]
8571294201194701;60;78.0;3;[6, 8, 11]
8571294205123859;43;79.0;4;[2, 7, 8, 14]
8571294220968489;71;79.0;4;[4, 7, 11, 13]
8571294228473722;51;79.0;4;[0, 2, 3, 4]
8571294230849388;48;78.0;3;[5, 8, 13]
8571294244581534;52;78.0;3;[5, 7, 10]
8571294279381227;72;79.0;4;[3, 7, 10, 13]
8571294287029021;50;78.0;3;[5, 6, 12]
8571294291861344;49;78.0;3;[0, 1, 2]
8571294300723606;59;79.0;4;[3, 4, 6, 14]
8571294358048957;69;79.0;4;[2, 10, 13, 14]
8571294382329676;55;78.0;3;[2, 5, 13]
8571294386535716;75;79.0;4;[4, 5, 6, 7]
8571294397628183;62;79.0;4;[1, 6, 8, 14]
8571294403830857;46;77.0;2;[2, 4]
8571294404993025;86;78.0;3;[1, 2, 4]
8571294412869940;63;78.0;3;[0, 6, 9]
8571294426806947;66;78.0;3;[1, 2, 7]
8571294444963684;67;79.0;4;[3, 5, 10, 11]
8571294449436045;58;77.0;2;[4, 13]
8571294469455545;65;77.0;2;[0, 12]
8571294475567708;64;78.0;3;[0, 4, 12]
8571294497949724;87;77.0;2;[9, 13]
8571294504246998;61;77.0;2;[4, 12]
8571294520553082;74;78.0;3;[4, 5, 11]
8571294546696375;90;77.0;2;[9, 13]
8571294553495092;83;78.0;3;[2, 3, 12]
8571294563464372;84;79.0;4;[5, 7, 13, 14]
8571294573617193;77;78.0;3;[4, 8, 11]
8571294608596297;70;77.0;2;[0, 6]
8571294622881497;78;77.0;2;[3, 12]
8571294645313194;82;77.0;2;[1, 2]
8571294650970513;80;79.0;4;[4, 5, 6, 9]
8571294670615961;79;79.0;4;[0, 4, 7, 14]
8571294692279972;73;79.0;4;[1, 8, 10, 12]
8571294699175970;85;79.0;4;[7, 11, 12, 13]
8571294711501846;98;78.0;3;[1, 3, 12]
8571294715097621;76;78.0;3;[2, 9, 13]
8571294719173800;99;77.0;2;[2, 6]
8571294719593352;102;78.0;3;[0, 3, 11]
8571294738940468;105;79.0;4;[3, 5, 6, 13]
8571294748440384;89;77.0;2;[2, 13]
8571294781929818;97;79.0;4;[1, 2, 8, 12]
8571294803069316;96;78.0;3;[3, 7, 11]
8571294807359606;131;77.0;2;[2, 10]
8571294857750368;95;79.0;4;[7, 12, 13, 14]
8571294873480888;94;79.0;4;[1, 5, 9, 14]
8571294877636857;113;78.0;3;[0, 10, 13]
8571294879640141;114;77.0;2;[5, 14]
8571294902712112;120;79.0;4;[3, 5, 7, 8]
8571294926511578;117;79.0;4;[9, 11, 12, 14]
8571294937996519;107;77.0;2;[9, 11]
8571294950758078;88;79.0;4;[1, 2, 5, 8]
8571294957530685;100;79.0;4;[2, 4, 12, 14]
8571294964705755;108;79.0;4;[3, 6, 13, 14]
8571294973213794;91;79.0;4;[0, 8, 11, 13]
8571295005975063;111;79.0;4;[3, 4, 8, 14]
8571295009323177;146;78.0;3;[1, 2, 12]
8571295052692950;110;79.0;4;[7, 10, 11, 13]
8571295068200518;128;79.0;4;[4, 5, 6, 10]
8571295077522053;109;78.0;3;[2, 3, 11]
8571295144351750;132;79.0;4;[6, 10, 13, 14]
8571295145719429;122;77.0;2;[2, 7]
8571295162184055;161;79.0;4;[1, 5, 6, 10]
8571295172673408;119;78.0;3;[4, 10, 11]
8571295183292702;103;78.0;3;[1, 11, 13]
8571295203027290;126;78.0;3;[3, 5, 10]
8571295220725834;106;77.0;2;[2, 4]
8571295253363742;125;77.0;2;[2, 7]
8571295259164352;144;78.0;3;[4, 11, 14]
8571295260946595;143;78.0;3;[3, 6, 8]
8571295273740194;150;77.0;2;[3, 13]
8571295291620269;124;79.0;4;[3, 4, 5, 7]
8571295301551788;142;79.0;4;[2, 6, 9, 10]
8571295301980041;138;78.0;3;[5, 6, 10]
8571295308593348;137;77.0;2;[0, 5]
8571295350598851;147;77.0;2;[8, 12]
8571295360109597;176;79.0;4;[2, 3, 6, 7]
8571295399129610;130;79.0;4;[1, 5, 7, 14]
8571295424736219;140;79.0;4;[1, 8, 9, 14]
8571295428525945;134;78.0;3;[0, 4, 6]
8571295432880236;158;79.0;4;[1, 5, 6, 13]
8571295439461822;165;78.0;3;[2, 7, 8]
8571295449218020;159;78.0;3;[5, 7, 12]
8571295483290948;139;79.0;4;[4, 10, 12, 13]
8571295488454124;136;77.0;2;[6, 8]
8571295490588889;153;77.0;2;[3, 6]
8571295516654661;191;78.0;3;[4, 5, 9]
8571295530377947;162;78.0;3;[2, 3, 6]
8571295553567749;149;79.0;4;[2, 7, 9, 12]
8571295599487780;180;79.0;4;[1, 3, 4, 6]
8571295599759982;173;78.0;3;[0, 4, 5]
8571295614761216;174;78.0;3;[7, 12, 14]
8571295629131067;167;79.0;4;[3, 8, 12, 14]
8571295632170648;155;78.0;3;[1, 4, 13]
8571295636172126;156;79.0;4;[0, 4, 5, 8]
8571295644059111;145;79.0;4;[1, 3, 6, 11]
8571295645880794;133;79.0;4;[1, 4, 11, 12]
8571295646756270;172;79.0;4;[3, 6, 9, 12]
8571295656666099;168;78.0;3;[1, 2, 3]
8571295695350939;154;77.0;2;[0, 13]
8571295697020451;195;79.0;4;[7, 8, 10, 11]
8571295702254688;151;79.0;4;[1, 6, 12, 13]
8571295720977969;206;77.0;2;[0, 12]
8571295767082050;188;77.0;2;[1, 12]
8571295789126295;192;77.0;2;[2, 7]
8571295792518318;189;79.0;4;[3, 8, 10, 14]
8571295803856968;164;78.0;3;[1, 12, 13]
8571295814715533;171;78.0;3;[5, 6, 14]
8571295815148546;182;78.0;3;[4, 8, 11]
8571295823207743;183;79.0;4;[2, 8, 11, 14]
8571295836826948;187;77.0;2;[5, 14]
8571295874412701;221;77.0;2;[8, 12]
8571295893402613;210;77.0;2;[7, 13]
8571295898578379;148;79.0;4;[7, 9, 10, 12]
8571295917700113;203;79.0;4;[2, 5, 6, 11]
8571295926205792;166;78.0;3;[10, 12, 13]
8571295945222355;207;77.0;2;[2, 6]
8571295988966961;204;79.0;4;[6, 8, 9, 12]
8571296001682530;202;77.0;2;[0, 5]
8571296004448249;186;79.0;4;[0, 2, 3, 8]
8571296007165818;198;77.0;2;[2, 11]
8571296013503082;197;78.0;3;[0, 5, 12]
8571296022583726;175;77.0;2;[8, 14]
8571296027153737;179;79.0;4;[1, 6, 7, 12]
8571296039907497;236;79.0;4;[5, 7, 9, 13]
8571296057955433;225;79.0;4;[4, 5, 8, 9]
8571296086011719;184;79.0;4;[2, 6, 7, 12]
8571296106324511;218;79.0;4;[1, 2, 3, 10]
8571296145047281;217;78.0;3;[2, 3, 9]
8571296173724692;181;79.0;4;[3, 4, 5, 8]
8571296186380480;163;77.0;2;[1, 14]
8571296187746800;201;79.0;4;[2, 3, 5, 8]
8571296190179167;219;78.0;3;[8, 10, 13]
8571296194398116;212;79.0;4;[2, 5, 8, 11]
8571296203121807;237;78.0;3;[1, 3, 5]
8571296208271433;213;77.0;2;[2, 7]
8571296214838799;200;78.0;3;[2, 3, 9]
8571296237827999;194;78.0;3;[2, 6, 10]
8571296244987060;251;79.0;4;[4, 6, 7, 10]
8571296248266073;190;77.0;2;[9, 13]
8571296264058192;240;78.0;3;[1, 7, 12]
8571296281285183;199;79.0;4;[2, 10, 13, 14]
8571296292647892;252;79.0;4;[0, 2, 12, 13]
8571296299445690;233;79.0;4;[3, 4, 6, 13]
8571296374165732;216;77.0;2;[7, 12]
8571296388642903;227;79.0;4;[1, 9, 11, 14]
8571296388856155;234;79.0;4;[0, 9, 12, 13]
8571296396182676;196;77.0;2;[4, 11]
8571296428468061;178;77.0;2;[10, 14]
8571296430328744;255;79.0;4;[0, 4, 8, 11]
8571296438012738;215;78.0;3;[0, 3, 13]
8571296445342929;266;78.0;3;[4, 8, 13]
8571296462287447;248;77.0;2;[0, 2]
8571296470094212;267;79.0;4;[0, 3, 5, 8]
8571296473617717;209;77.0;2;[5, 13]
8571296501799464;214;79.0;4;[1, 6, 9, 10]
8571296521647432;205;79.0;4;[1, 7, 10, 11]
8571296561231219;263;77.0;2;[10, 12]
8571296566037922;231;78.0;3;[0, 11, 12]
8571296583646615;262;78.0;3;[2, 11, 13]
8571296597789514;249;79.0;4;[1, 4, 10, 14]
8571296598375008;242;78.0;3;[1, 8, 14]
8571296623236572;270;77.0;2;[3, 13]
8571296629622317;230;78.0;3;[9, 12, 13]
8571296635875750;211;79.0;4;[5, 7, 9, 11]
8571296645426557;282;78.0;3;[0, 2, 14]
8571296698952001;224;77.0;2;[2, 4]
8571296703628103;193;78.0;3;[4, 9, 13]
8571296725854419;229;79.0;4;[3, 4, 5, 7]
8571296753184990;277;77.0;2;[12, 13]
8571296754138117;278;79.0;4;[1, 2, 10, 13]
8571296759233732;246;79.0;4;[1, 9, 12, 13]
8571296767164957;258;77.0;2;[2, 3]
8571296772657616;257;79.0;4;[2, 5, 8, 14]
8571296778688438;296;77.0;2;[0, 13]
8571296780565381;285;77.0;2;[6, 7]
8571296784107256;220;79.0;4;[6, 7, 8, 12]
8571296790108218;264;79.0;4;[3, 6, 12, 14]
8571296832671645;245;77.0;2;[5, 8]
8571296845770077;254;78.0;3;[5, 9, 13]
8571296896988395;226;77.0;2;[3, 11]
8571296924759059;292;78.0;3;[2, 3, 14]
8571296925631155;244;79.0;4;[3, 6, 8, 12]
8571296934315845;300;78.0;3;[2, 5, 12]
8571296946219238;311;79.0;4;[0, 10, 13, 14]
8571296948707096;293;79.0;4;[0, 6, 7, 14]
8571296974877509;208;77.0;2;[1, 12]
8571296986794652;261;78.0;3;[0, 13, 14]
8571297001590885;260;77.0;2;[3, 13]
8571297012378381;235;79.0;4;[0, 10, 12, 14]
8571297077445755;307;79.0;4;[5, 12, 13, 14]
8571297082954234;288;78.0;3;[2, 6, 11]
8571297090971130;315;78.0;3;[1, 6, 13]
8571297109313118;269;78.0;3;[6, 8, 10]
8571297112463080;259;77.0;2;[8, 11]
8571297117582745;308;77.0;2;[6, 7]
8571297128564843;287;79.0;4;[5, 7, 8, 10]
8571297139307268;326;78.0;3;[2, 9, 11]
8571297152923423;241;78.0;3;[2, 3, 4]
8571297187241102;275;77.0;2;[5, 10]
8571297192074216;276;77.0;2;[8, 12]
8571297198357850;223;79.0;4;[0, 4, 9, 13]
8571297244509962;322;77.0;2;[5, 8]
8571297250843247;256;77.0;2;[5, 6]
8571297251368070;330;78.0;3;[2, 5, 6]
8571297270696865;250;78.0;3;[3, 9, 13]
8571297284139909;323;78.0;3;[0, 9, 14]
8571297284299641;303;77.0;2;[3, 6]
8571297322921660;274;77.0;2;[2, 14]
8571297327732873;302;79.0;4;[2, 6, 7, 8]
8571297341788062;341;78.0;3;[6, 7, 8]
8571297342027084;345;79.0;4;[1, 3, 9, 11]
8571297358162116;271;78.0;3;[8, 9, 13]
8571297360240701;290;78.0;3;[5, 6, 13]
8571297379060682;291;78.0;3;[2, 10, 12]
8571297379239694;309;79.0;4;[3, 9, 10, 11]
8571297390541023;342;77.0;2;[10, 14]
8571297409638406;337;79.0;4;[2, 4, 6, 10]
8571297453422402;318;79.0;4;[1, 2, 4, 6]
8571297460542072;238;77.0;2;[8, 14]
8571297486927886;338;78.0;3;[2, 6, 8]
8571297505500696;356;78.0;3;[0, 2, 7]
8571297509989117;317;79.0;4;[1, 2, 6, 13]
8571297540955564;265;78.0;3;[1, 6, 11]
8571297550283659;360;79.0;4;[2, 3, 8, 14]
8571297565035182;305;77.0;2;[1, 6]
8571297587390728;324;77.0;2;[8, 13]
8571297596343971;306;78.0;3;[1, 7, 11]
8571297607729110;352;79.0;4;[7, 10, 12, 13]
8571297608150223;357;79.0;4;[1, 4, 5, 10]
8571297610322868;286;77.0;2;[3, 6]
8571297635492994;333;78.0;3;[6, 8, 10]
8571297645863906;353;77.0;2;[7, 11]
8571297671066692;371;78.0;3;[6, 7, 10]
8571297686628191;332;78.0;3;[1, 7, 12]
8571297700911701;253;78.0;3;[2, 3, 7]
8571297725297971;375;79.0;4;[2, 4, 5, 9]
8571297727824789;301;78.0;3;[0, 4, 6]
8571297730154815;314;79.0;4;[0, 6, 8, 14]
8571297754196013;320;79.0;4;[3, 6, 8, 10]
8571297754879358;339;79.0;4;[7, 8, 10, 14]
8571297783617448;321;79.0;4;[4, 8, 9, 11]
8571297800690218;280;78.0;3;[0, 4, 14]
8571297810727968;367;79.0;4;[1, 4, 7, 14]
8571297815342910;372;78.0;3;[5, 6, 13]
8571297827154513;348;77.0;2;[6, 7]
8571297841112940;368;78.0;3;[0, 1, 11]
8571297860643347;347;78.0;3;[1, 5, 6]
8571297923978889;390;79.0;4;[3, 5, 9, 10]
8571297932028606;319;78.0;3;[0, 2, 8]
8571297950495064;335;78.0;3;[6, 9, 11]
8571297954018559;329;79.0;4;[3, 4, 10, 11]
8571297978623781;382;78.0;3;[2, 4, 10]
8571297991166729;387;79.0;4;[1, 9, 12, 14]
8571298002702129;363;77.0;2;[3, 14]
8571298002857700;283;77.0;2;[10, 12]
8571298020502094;336;79.0;4;[1, 3, 4, 14]
8571298024633542;401;79.0;4;[1, 4, 6, 13]
8571298031434020;362;79.0;4;[2, 9, 13, 14]
8571298038070956;295;77.0;2;[4, 12]
8571298038911862;331;78.0;3;[7, 11, 12]
8571298040530333;383;79.0;4;[1, 6, 9, 12]
8571298113309092;334;77.0;2;[2, 13]
8571298153355892;369;78.0;3;[8, 12, 14]
8571298163570803;350;79.0;4;[3, 5, 9, 10]
8571298170408471;397;78.0;3;[1, 8, 11]
8571298173552523;378;79.0;4;[1, 7, 13, 14]
8571298182208433;416;77.0;2;[2, 5]
8571298206905066;344;77.0;2;[4, 12]
8571298209358663;402;79.0;4;[4, 5, 8, 11]
8571298223051429;351;78.0;3;[6, 8, 14]
8571298236099310;377;78.0;3;[2, 4, 11]
8571298237405369;398;77.0;2;[11, 14]
8571298255826748;310;77.0;2;[0, 5]
8571298272026561;431;78.0;3;[2, 6, 9]
8571298294599149;346;77.0;2;[7, 14]
8571298300932333;420;79.0;4;[1, 4, 5, 10]
8571298309704434;349;78.0;3;[3, 8, 13]
8571298320931123;384;79.0;4;[7, 9, 11, 12]
8571298351458936;393;78.0;3;[1, 6, 14]
8571298359091589;412;79.0;4;[4, 9, 11, 13]
8571298376676582;365;78.0;3;[0, 10, 11]
8571298386083808;325;78.0;3;[6, 7, 8]
8571298397299946;366;77.0;2;[11, 13]
8571298398242623;359;79.0;4;[1, 2, 3, 7]
8571298414187444;413;79.0;4;[2, 6, 11, 12]
8571298422951265;417;78.0;3;[4, 5, 14]
8571298433166857;392;79.0;4;[0, 5, 7, 10]
8571298476752281;313;78.0;3;[2, 6, 12]
8571298485427132;446;77.0;2;[8, 13]
8571298493884991;435;78.0;3;[6, 10, 14]
8571298519105477;361;79.0;4;[4, 6, 8, 11]
8571298526967892;399;78.0;3;[4, 10, 11]
8571298532083158;408;78.0;3;[2, 7, 11]
8571298549926682;427;78.0;3;[0, 5, 7]
8571298579298557;380;78.0;3;[1, 7, 12]
8571298594550294;381;79.0;4;[0, 4, 10, 11]
8571298605047288;432;77.0;2;[7, 14]
8571298605552361;428;77.0;2;[10, 13]
8571298608859174;374;77.0;2;[2, 5]
8571298614407453;340;79.0;4;[1, 2, 7, 8]
8571298625075977;407;79.0;4;[0, 1, 3, 14]
8571298657772676;461;77.0;2;[0, 12]
8571298679960771;450;78.0;3;[4, 6, 7]
8571298693799457;389;79.0;4;[1, 9, 10, 14]
8571298697116501;328;78.0;3;[0, 1, 6]
8571298705566010;442;77.0;2;[2, 7]
8571298715248967;414;78.0;3;[1, 8, 11]
8571298761268949;395;78.0;3;[0, 3, 12]
8571298768034346;376;79.0;4;[0, 9, 10, 13]
8571298782464557;422;77.0;2;[5, 14]
8571298788538460;396;78.0;3;[11, 12, 13]
8571298789065343;447;79.0;4;[6, 9, 12, 14]
8571298796163043;443;78.0;3;[3, 12, 13]
8571298817414061;476;79.0;4;[1, 3, 8, 12]
8571298821574890;343;77.0;2;[7, 12]
8571298835000564;465;77.0;2;[4, 14]
8571298842573087;355;79.0;4;[3, 4, 11, 12]
8571298868018625;457;78.0;3;[5, 7, 8]
8571298895667168;429;78.0;3;[0, 8, 13]
8571298908545628;438;78.0;3;[5, 13, 14]
8571298914601910;394;79.0;4;[2, 6, 8, 11]
8571298929404043;410;77.0;2;[2, 6]
8571298955273334;404;78.0;3;[9, 10, 11]
8571298959543924;458;78.0;3;[5, 8, 12]
8571298966627843;491;77.0;2;[5, 6]
8571298991071714;411;79.0;4;[0, 1, 11, 13]
8571298994852201;480;79.0;4;[0, 6, 7, 13]
8571299012410783;462;77.0;2;[2, 9]
8571299015243783;391;77.0;2;[10, 11]
8571299030338749;472;79.0;4;[1, 5, 9, 13]
8571299049277741;358;77.0;2;[7, 11]
8571299069999906;444;79.0;4;[0, 9, 10, 13]
8571299097459728;370;77.0;2;[10, 14]
8571299115531954;425;79.0;4;[5, 8, 11, 12]
8571299120703040;409;78.0;3;[2, 6, 10]
8571299160220986;495;78.0;3;[2, 9, 13]
8571299172247160;452;79.0;4;[10, 11, 12, 13]
8571299193327787;521;79.0;4;[1, 6, 9, 11]
8571299194666647;426;77.0;2;[6, 10]
8571299220695618;419;79.0;4;[3, 6, 7, 9]
8571299233084745;477;79.0;4;[2, 5, 6, 7]
8571299236585770;487;77.0;2;[6, 9]
8571299256280367;406;77.0;2;[2, 6]
8571299259431699;468;78.0;3;[6, 8, 12]
8571299268174910;459;79.0;4;[2, 4, 6, 11]
8571299298014499;488;77.0;2;[2, 9]
8571299309620190;373;79.0;4;[0, 7, 11, 13]
8571299323359386;440;79.0;4;[3, 9, 11, 14]
8571299334379273;424;79.0;4;[0, 5, 11, 12]
8571299355747212;510;78.0;3;[0, 5, 9]
8571299356175325;385;78.0;3;[2, 6, 8]
8571299372959532;421;78.0;3;[3, 5, 14]
8571299386528657;536;78.0;3;[3, 9, 11]
8571299390438804;441;78.0;3;[5, 6, 12]
8571299391125859;492;79.0;4;[2, 5, 12, 13]
8571299436420906;483;78.0;3;[3, 4, 14]
8571299442851940;502;77.0;2;[10, 13]
8571299452081205;474;79.0;4;[0, 8, 10, 11]
8571299473274533;434;78.0;3;[3, 7, 13]
8571299497598243;503;78.0;3;[4, 10, 12]
8571299540508563;455;79.0;4;[0, 4, 8, 11]
8571299542175794;439;78.0;3;[2, 6, 12]
8571299559300294;482;79.0;4;[0, 2, 12, 13]
8571299571873072;507;78.0;3;[4, 7, 12]
8571299584490310;456;79.0;4;[5, 6, 7, 11]
8571299595252685;551;79.0;4;[0, 1, 6, 14]
8571299606525444;436;78.0;3;[2, 9, 11]
8571299612578947;498;79.0;4;[0, 6, 11, 14]
8571299637485920;517;79.0;4;[0, 6, 9, 14]
8571299649131072;489;79.0;4;[5, 8, 10, 12]
8571299692748456;449;77.0;2;[1, 13]
8571299732896977;454;78.0;3;[4, 10, 14]
8571299742225442;540;77.0;2;[4, 12]
8571299743805593;497;79.0;4;[1, 7, 9, 13]
8571299766208000;566;77.0;2;[0, 13]
8571299777662520;471;79.0;4;[5, 7, 9, 10]
8571299798807347;513;79.0;4;[2, 5, 11, 13]
8571299804894800;533;79.0;4;[2, 3, 5, 9]
8571299839459521;504;79.0;4;[1, 2, 10, 13]
8571299873472579;451;79.0;4;[4, 6, 7, 8]
8571299889868554;418;77.0;2;[5, 14]
8571299895423383;555;78.0;3;[0, 6, 13]
8571299908995387;464;79.0;4;[0, 2, 3, 6]
8571299920362637;581;77.0;2;[11, 13]
8571299940434076;469;77.0;2;[1, 5]
8571299944360784;512;79.0;4;[2, 5, 7, 14]
8571299970527967;485;78.0;3;[10, 12, 13]
8571299993187385;548;77.0;2;[1, 13]
8571299996029505;528;77.0;2;[1, 5]
8571300019437079;486;79.0;4;[0, 5, 7, 11]
8571300032504340;479;79.0;4;[1, 5, 9, 12]
8571300034950287;519;79.0;4;[2, 8, 10, 11]
8571300039287947;547;78.0;3;[2, 3, 8]
8571300064016730;570;78.0;3;[0, 4, 13]
8571300089021045;466;78.0;3;[11, 12, 13]
8571300111272320;596;79.0;4;[5, 6, 7, 11]
8571300117324763;527;77.0;2;[3, 11]
8571300117507694;433;79.0;4;[0, 1, 9, 13]
8571300122410788;484;77.0;2;[0, 12]
8571300156272955;500;79.0;4;[2, 6, 9, 14]
8571300164198310;563;79.0;4;[4, 10, 11, 13]
8571300209328375;501;78.0;3;[5, 6, 7]
8571300214845624;534;78.0;3;[6, 11, 13]
8571300231717672;585;79.0;4;[1, 6, 12, 13]
8571300250877365;567;77.0;2;[5, 13]
8571300277469021;558;79.0;4;[3, 6, 9, 12]
8571300288521699;494;78.0;3;[2, 8, 11]
8571300309571125;499;78.0;3;[2, 7, 9]
8571300316974227;542;78.0;3;[0, 2, 6]
8571300333098020;445;79.0;4;[4, 5, 9, 11]
8571300358632988;578;79.0;4;[5, 7, 10, 12]
8571300359485604;577;78.0;3;[5, 12, 14]
8571300374133237;515;79.0;4;[8, 9, 10, 11]
8571300388152665;448;77.0;2;[7, 14]
8571300393212850;600;77.0;2;[4, 14]
8571300401956741;516;78.0;3;[8, 11, 13]
8571300432298913;582;78.0;3;[1, 12, 13]
8571300475811677;573;79.0;4;[2, 6, 12, 13]
8571300482041380;496;79.0;4;[2, 3, 4, 7]
8571300498253994;557;77.0;2;[8, 14]
8571300510112537;626;79.0;4;[1, 6, 7, 11]
8571300527156156;509;77.0;2;[1, 14]
8571300532129331;592;78.0;3;[3, 11, 13]
8571300552561563;593;79.0;4;[1, 6, 9, 11]
8571300565911546;615;77.0;2;[5, 7]
8571300595963966;531;77.0;2;[10, 13]
8571300601590836;460;79.0;4;[0, 5, 13, 14]
8571300602228400;564;77.0;2;[5, 8]
8571300614569277;597;78.0;3;[6, 10, 13]
8571300649891453;529;77.0;2;[0, 5]
8571300650979641;588;77.0;2;[6, 11]
8571300669426030;572;79.0;4;[2, 4, 6, 9]
8571300697935869;641;79.0;4;[2, 8, 10, 13]
8571300701183282;511;78.0;3;[0, 5, 8]
8571300716870221;607;78.0;3;[0, 3, 5]
8571300726021935;630;77.0;2;[1, 14]
8571300756943991;524;77.0;2;[9, 12]
8571300758265120;608;79.0;4;[1, 8, 10, 11]
8571300769573079;579;78.0;3;[3, 11, 13]
8571300809373037;545;78.0;3;[1, 3, 11]
8571300828684102;612;78.0;3;[8, 11, 14]
8571300841400441;478;79.0;4;[1, 3, 10, 11]
8571300841519262;544;79.0;4;[1, 4, 6, 10]
8571300880393903;587;78.0;3;[3, 11, 14]
8571300892737830;645;77.0;2;[3, 13]
8571300951606271;623;79.0;4;[0, 5, 6, 14]
8571300956388075;594;78.0;3;[3, 11, 12]
8571300986817417;561;79.0;4;[9, 10, 12, 13]
8571301010598883;560;79.0;4;[1, 9, 12, 14]
8571301031482979;627;78.0;3;[4, 9, 14]
8571301046329213;618;79.0;4;[6, 9, 10, 14]
8571301053749315;559;78.0;3;[0, 1, 12]
8571301057033158;671;79.0;4;[2, 3, 8, 13]
8571301062857788;637;79.0;4;[0, 5, 6, 13]
8571301079563985;490;77.0;2;[4, 11]
8571301120904914;638;79.0;4;[0, 1, 5, 13]
8571301188383005;675;78.0;3;[2, 3, 5]
8571301208717167;575;77.0;2;[11, 14]
8571301229591463;652;79.0;4;[2, 3, 5, 8]
8571301239455012;554;79.0;4;[2, 3, 9, 10]
8571301243513571;574;78.0;3;[2, 3, 11]
8571301247875531;633;78.0;3;[6, 9, 11]
8571301256352490;642;79.0;4;[2, 8, 12, 13]
8571301270297598;508;79.0;4;[1, 4, 13, 14]
8571301276000087;690;79.0;4;[7, 9, 13, 14]
8571301284708538;653;79.0;4;[4, 10, 13, 14]
8571301298455754;617;78.0;3;[5, 6, 7]
8571301298517415;556;79.0;4;[0, 4, 5, 11]
8571301395041729;667;79.0;4;[3, 4, 11, 13]
8571301397483826;591;79.0;4;[7, 8, 11, 13]
8571301401692656;590;79.0;4;[2, 6, 9, 14]
8571301430280065;639;77.0;2;[2, 14]
8571301430512027;657;79.0;4;[0, 9, 10, 14]
8571301433559038;701;78.0;3;[0, 2, 9]
8571301451369463;589;79.0;4;[6, 7, 10, 11]
8571301470862709;632;79.0;4;[1, 2, 6, 7]
8571301476140165;668;79.0;4;[1, 2, 4, 9]
8571301481174011;705;79.0;4;[0, 6, 7, 9]
8571301484466244;569;79.0;4;[0, 3, 4, 14]
8571301518777423;523;79.0;4;[1, 9, 12, 13]
8571301546202335;571;78.0;3;[1, 4, 11]
8571301564065510;520;78.0;3;[4, 6, 14]
8571301587942016;682;79.0;4;[3, 4, 12, 14]
8571301598218908;606;77.0;2;[6, 9]
8571301602700220;654;79.0;4;[0, 7, 10, 14]
8571301619812779;605;77.0;2;[1, 5]
8571301639823809;672;78.0;3;[11, 12, 14]
8571301646820898;716;78.0;3;[6, 10, 14]
8571301647206161;663;77.0;2;[6, 12]
8571301652092705;647;79.0;4;[1, 5, 10, 12]
8571301677399982;683;79.0;4;[2, 5, 8, 11]
8571301677999966;720;78.0;3;[0, 1, 13]
8571301703684155;584;79.0;4;[3, 8, 10, 12]
8571301765418577;697;77.0;2;[5, 7]
8571301788211626;586;78.0;3;[7, 11, 13]
8571301793508253;538;79.0;4;[0, 2, 10, 14]
8571301794072127;669;79.0;4;[0, 4, 6, 7]
8571301796921867;535;79.0;4;[7, 8, 10, 12]
8571301799302303;620;79.0;4;[0, 5, 12, 13]
8571301807420900;621;77.0;2;[5, 13]
8571301833066019;687;77.0;2;[9, 11]
8571301846428802;662;79.0;4;[0, 4, 11, 12]
8571301866414932;698;77.0;2;[3, 11]
8571301869305032;619;78.0;3;[2, 5, 12]
8571301924061095;712;79.0;4;[7, 9, 10, 11]
8571301968534516;684;79.0;4;[0, 1, 8, 12]
8571301987238946;693;79.0;4;[1, 5, 6, 7]
8571301991689407;635;77.0;2;[10, 13]
8571302004831149;636;77.0;2;[0, 12]
8571302032201380;601;77.0;2;[4, 12]
8571302046100647;702;77.0;2;[9, 12]
8571302052807835;746;79.0;4;[4, 10, 12, 14]
8571302052897255;713;79.0;4;[2, 4, 6, 14]
8571302055778385;550;77.0;2;[8, 11]
8571302056491510;634;78.0;3;[0, 9, 14]
8571302063674060;553;79.0;4;[5, 7, 11, 13]
8571302139705671;699;79.0;4;[6, 7, 11, 14]
8571302144930638;765;79.0;4;[4, 6, 7, 14]
8571302159216848;614;78.0;3;[0, 3, 5]
8571302167466545;708;78.0;3;[4, 5, 9]
8571302197533015;651;79.0;4;[1, 5, 6, 7]
8571302231058760;728;77.0;2;[4, 6]
8571302258141529;761;79.0;4;[9, 11, 12, 14]
8571302264142381;692;78.0;3;[1, 10, 14]
8571302271268310;717;77.0;2;[9, 13]
8571302274540713;629;78.0;3;[0, 5, 11]
8571302281612343;631;79.0;4;[5, 6, 9, 11]
8571302297434393;742;77.0;2;[1, 2]
8571302304521543;565;79.0;4;[1, 3, 5, 13]
8571302319495778;780;79.0;4;[6, 7, 12, 14]
8571302328240499;714;79.0;4;[0, 3, 4, 12]
8571302331631492;568;78.0;3;[0, 7, 13]
8571302366830238;723;78.0;3;[5, 10, 11]
8571302403313703;743;77.0;2;[0, 5]
8571302403709346;665;77.0;2;[5, 9]
8571302427576882;757;78.0;3;[1, 3, 13]
8571302457855094;776;79.0;4;[7, 8, 12, 13]
8571302458678160;664;79.0;4;[1, 2, 9, 13]
8571302462434306;707;78.0;3;[4, 5, 9]
8571302486982848;795;78.0;3;[8, 11, 14]
8571302489015692;732;79.0;4;[1, 4, 12, 14]
8571302513498873;644;79.0;4;[0, 3, 4, 14]
8571302528310116;580;78.0;3;[4, 10, 14]
8571302533541833;646;78.0;3;[3, 12, 14]
8571302559626425;758;78.0;3;[2, 9, 13]
8571302569237172;583;79.0;4;[0, 2, 5, 9]
8571302571375597;738;79.0;4;[3, 9, 12, 14]
8571302610054397;681;77.0;2;[3, 11]
8571302615356945;680;79.0;4;[5, 8, 10, 13]
8571302630033037;791;77.0;2;[0, 13]
8571302657714290;679;77.0;2;[4, 14]
8571302670118097;722;78.0;3;[6, 9, 12]
8571302678153073;747;79.0;4;[5, 9, 11, 12]
8571302743520660;659;79.0;4;[8, 9, 11, 13]
8571302747894251;787;79.0;4;[2, 7, 12, 14]
8571302757709319;773;79.0;4;[2, 8, 11, 13]
8571302765811615;661;79.0;4;[2, 3, 4, 5]
8571302774846569;753;79.0;4;[3, 4, 11, 13]
8571302776021317;595;79.0;4;[2, 9, 12, 13]
8571302795404672;696;77.0;2;[1, 13]
8571302798395683;695;79.0;4;[3, 4, 9, 13]
8571302802528452;806;79.0;4;[7, 11, 12, 13]
8571302834756047;598;78.0;3;[1, 4, 13]
8571302856424819;694;77.0;2;[8, 11]
8571302869287818;676;79.0;4;[4, 5, 9, 12]
8571302882678512;825;77.0;2;[2, 7]
8571302892809043;737;79.0;4;[5, 9, 11, 12]
8571302914674986;762;79.0;4;[0, 9, 10, 13]
8571302941252181;788;79.0;4;[0, 2, 7, 10]
8571302986006664;674;77.0;2;[11, 13]
8571302998862184;821;78.0;3;[0, 2, 10]
8571303041430501;840;77.0;2;[9, 14]
8571303046611457;817;77.0;2;[1, 11]
8571303050080201;610;79.0;4;[8, 10, 12, 13]
8571303065667120;613;78.0;3;[6, 9, 11]
8571303075507169;709;78.0;3;[1, 6, 8]
8571303091757843;783;77.0;2;[1, 6]
8571303091865473;752;77.0;2;[4, 12]
8571303093309043;774;77.0;2;[7, 14]
8571303120226701;691;77.0;2;[0, 6]
8571303139148734;803;77.0;2;[2, 8]
8571303139245274;777;78.0;3;[5, 9, 13]
8571303178174846;725;77.0;2;[0, 2]
8571303200828035;726;79.0;4;[1, 7, 9, 14]
8571303202801028;836;78.0;3;[1, 6, 7]
8571303223720615;689;78.0;3;[7, 11, 13]
8571303239476525;706;78.0;3;[4, 5, 9]
8571303242957379;855;78.0;3;[4, 5, 8]
8571303260891484;798;78.0;3;[0, 10, 12]
8571303262293874;789;79.0;4;[1, 4, 5, 13]
8571303266609374;724;77.0;2;[1, 5]
8571303274917192;767;78.0;3;[1, 10, 12]
8571303296323792;625;79.0;4;[0, 1, 4, 11]
8571303307157957;628;79.0;4;[2, 11, 12, 14]
8571303348613097;847;78.0;3;[4, 12, 13]
8571303357174297;792;78.0;3;[1, 6, 13]
8571303373826923;851;77.0;2;[2, 8]
8571303404122315;870;78.0;3;[0, 3, 14]
8571303427920001;741;79.0;4;[2, 3, 5, 13]
8571303432410202;804;77.0;2;[0, 6]
8571303450183047;813;77.0;2;[9, 12]
8571303453520690;739;79.0;4;[4, 10, 11, 14]
8571303465631485;704;77.0;2;[2, 4]
8571303476575601;833;77.0;2;[6, 12]
8571303491069072;755;77.0;2;[1, 11]
8571303504037053;721;79.0;4;[0, 2, 10, 14]
8571303508956057;862;79.0;4;[0, 9, 11, 13]
8571303529198379;807;78.0;3;[5, 12, 14]
8571303538353253;866;77.0;2;[2, 9]
8571303565088950;643;79.0;4;[4, 6, 9, 12]
8571303571986607;885;79.0;4;[4, 5, 9, 12]
8571303593426988;819;79.0;4;[0, 3, 7, 13]
8571303625587322;756;78.0;3;[5, 7, 10]
8571303637166333;797;77.0;2;[3, 5]
8571303640642327;848;78.0;3;[3, 6, 8]
8571303654875757;828;77.0;2;[6, 7]
8571303664478584;754;77.0;2;[11, 14]
8571303692822122;770;78.0;3;[4, 5, 7]
8571303703631897;822;77.0;2;[10, 12]
8571303708955105;877;77.0;2;[1, 12]
8571303744639824;655;77.0;2;[6, 10]
8571303752097416;881;79.0;4;[1, 5, 11, 14]
8571303755056737;736;79.0;4;[3, 4, 5, 7]
8571303766399856;834;79.0;4;[3, 4, 5, 8]
8571303768162798;734;78.0;3;[1, 7, 12]
8571303769045625;900;77.0;2;[7, 12]
8571303805424949;863;77.0;2;[1, 2]
8571303811317450;812;77.0;2;[4, 6]
8571303832594948;843;77.0;2;[9, 12]
8571303839739539;771;79.0;4;[0, 1, 4, 6]
8571303842412037;658;79.0;4;[2, 4, 6, 11]
8571303881923133;769;78.0;3;[2, 4, 13]
