ORDER	LAT_0	LAT_1	LAT_2	LAT_3	LAT_4	LAT_5	LAT_6	LAT_7	LAT_8	LAT_9	LAT_10	LAT_11	LAT_12	LAT_13	LAT_14	DSTS	MSGTYPE
1	0	0	47	0	0	0	0	0	213	0	0	0	189	218	0	[2,8,12,13]	global
2	0	62	27	0	0	0	0	0	0	0	192	202	0	0	0	[1,2,10,11]	global
3	0	0	29	0	0	0	0	0	0	0	194	0	148	0	0	[2,10,12]	global
4	0	0	0	0	0	0	85	0	161	0	0	186	0	0	0	[6,8,11]	global
5	0	0	0	0	101	85	86	159	0	0	0	0	0	0	0	[4,5,6,7]	global
6	0	0	0	0	0	0	0	0	0	193	0	0	0	164	0	[9,13]	global
7	0	0	0	74	0	89	93	0	0	0	0	0	0	163	0	[3,5,6,13]	global
8	0	0	0	75	0	87	0	163	171	0	0	0	0	0	0	[3,5,7,8]	global
9	9	0	0	0	0	0	0	0	0	201	0	0	0	0	0	[0,9]	global
10	0	0	0	71	0	0	0	0	0	0	0	0	0	163	0	[3,13]	global
11	0	0	28	0	0	0	0	162	159	0	0	0	0	0	0	[2,7,8]	global
12	0	58	0	70	97	0	90	0	0	0	0	0	0	0	0	[1,3,4,6]	global
13	0	0	0	0	0	0	0	163	158	0	190	197	0	0	0	[7,8,10,11]	global
14	0	0	0	0	0	0	0	160	0	0	0	0	0	164	0	[7,13]	global
15	0	0	0	0	97	84	0	0	160	205	0	0	0	0	0	[4,5,8,9]	global
16	0	59	0	0	0	0	0	165	0	0	0	0	148	0	0	[1,7,12]	global
17	9	0	0	0	97	0	0	0	166	0	0	193	0	0	0	[0,4,8,11]	global
18	0	0	0	73	0	0	0	0	0	0	0	0	0	159	0	[3,13]	global
19	0	0	0	0	0	0	86	157	0	0	0	0	0	0	0	[6,7]	global
20	0	0	23	0	0	81	0	0	0	0	0	0	152	0	0	[2,5,12]	global
21	0	58	0	0	0	0	87	0	0	0	0	0	0	165	0	[1,6,13]	global
22	0	0	23	0	0	79	86	0	0	0	0	0	0	0	0	[2,5,6]	global
23	0	59	0	74	0	0	0	0	0	209	0	188	0	0	0	[1,3,9,11]	global
24	0	0	27	71	0	0	0	0	153	0	0	0	0	0	175	[2,3,8,14]	global
25	0	0	27	0	99	85	0	0	0	197	0	0	0	0	0	[2,4,5,9]	global
26	0	0	0	71	0	89	0	0	0	195	188	0	0	0	0	[3,5,9,10]	global
27	0	56	0	0	0	0	0	0	0	184	0	0	0	0	0	[1,9]	global
28	0	60	0	0	100	81	0	0	0	0	193	0	0	0	0	[1,4,5,10]	global
29	0	0	0	0	0	0	86	0	0	0	186	0	0	0	165	[6,10,14]	global
30	0	0	0	0	98	0	85	154	0	0	0	0	0	0	0	[4,6,7]	global
31	0	0	0	0	101	0	0	0	0	0	0	0	0	0	160	[4,14]	global
32	9	0	0	0	0	0	92	159	0	0	0	0	0	166	0	[0,6,7,13]	global
33	0	0	26	0	0	0	0	0	0	196	0	0	0	159	0	[2,9,13]	global
34	8	0	0	0	0	83	0	0	0	196	0	0	0	0	0	[0,5,9]	global
35	0	0	0	0	0	0	0	0	158	0	189	0	0	0	0	[8,10]	global
36	0	0	0	0	102	0	0	0	0	0	0	0	154	0	0	[4,12]	global
37	9	0	0	0	0	0	85	0	0	0	0	0	0	168	0	[0,6,13]	global
38	8	0	0	0	97	0	0	0	0	0	0	0	0	169	0	[0,4,13]	global
39	0	57	0	0	0	0	88	0	0	0	0	0	153	161	0	[1,6,12,13]	global
40	0	0	0	0	96	0	0	0	0	0	0	0	0	0	173	[4,14]	global
41	0	0	0	0	0	82	0	160	0	0	0	0	0	0	0	[5,7]	global
42	0	58	0	0	0	0	0	0	0	0	0	0	0	0	167	[1,14]	global
43	0	0	0	72	0	0	0	0	0	0	0	0	0	166	0	[3,13]	global
44	0	0	0	0	0	66	0	0	0	0	0	0	128	0	0	[5,12]	global
45	0	0	28	70	0	87	0	0	0	0	0	0	0	0	0	[2,3,5]	global
46	0	0	0	0	0	0	0	165	0	206	0	0	0	164	166	[7,9,13,14]	global
47	8	0	0	0	0	0	86	163	0	196	0	0	0	0	0	[0,6,7,9]	global
48	9	60	0	0	0	0	0	0	0	0	0	0	0	166	0	[0,1,13]	global
49	0	0	0	0	0	0	79	0	0	0	0	0	0	150	0	[6,13]	global
50	0	0	0	0	91	0	0	0	152	0	0	0	0	0	0	[4,8]	global
51	0	0	0	0	96	0	85	160	0	0	0	0	0	0	174	[4,6,7,14]	global
52	0	0	0	0	0	0	88	152	0	0	0	0	148	0	167	[6,7,12,14]	global
53	0	0	0	0	0	0	0	0	155	0	0	190	0	0	166	[8,11,14]	global
54	0	0	0	69	0	0	0	0	156	205	0	0	0	0	0	[3,8,9]	global
55	0	0	27	0	0	0	0	159	0	0	0	0	0	0	0	[2,7]	global
56	0	0	0	0	0	0	0	0	0	201	0	0	0	0	169	[9,14]	global
57	0	0	0	0	100	82	0	0	162	0	0	0	0	0	0	[4,5,8]	global
58	9	0	0	73	0	0	0	0	0	0	0	0	0	0	168	[0,3,14]	global
59	0	0	0	0	101	83	0	0	0	198	0	0	153	0	0	[4,5,9,12]	global
60	0	0	0	0	0	0	0	160	0	0	0	0	155	0	0	[7,12]	global


--------------
Stats:
	Total: 60
	Mean: 167.73809523809524
	StdDev: 28.40393267498962
	Max: 197
	Percentile (25, 50, 75, 95, 99): (163, 168, 193, 197, 198)
--------------

