ORDER	LAT_0	LAT_1	LAT_2	LAT_3	LAT_4	LAT_5	LAT_6	LAT_7	LAT_8	LAT_9	LAT_10	LAT_11	LAT_12	LAT_13	LAT_14	DSTS	MSGTYPE
1	57	61	0	0	0	0	0	233	0	0	0	0	218	0	0	[0,1,7,12]	global
2	57	0	0	0	0	86	0	0	0	275	0	0	0	226	0	[0,5,9,13]	global
3	0	0	72	0	0	0	0	0	0	267	0	0	0	0	223	[2,9,14]	global
4	0	0	69	0	98	0	0	0	0	0	0	0	0	0	0	[2,4]	global
5	0	0	0	0	100	0	0	0	0	0	0	0	212	0	0	[4,12]	global
6	0	0	67	0	0	0	0	0	0	255	0	0	0	218	0	[2,9,13]	global
7	56	0	0	0	0	0	0	0	221	0	0	248	0	227	0	[0,8,11,13]	global
8	0	0	68	0	96	0	0	0	0	0	0	0	0	0	0	[2,4]	global
9	0	0	0	53	51	0	0	0	171	0	0	0	0	0	0	[3,4,8]	global
10	0	0	0	0	0	0	116	0	212	0	0	0	0	0	0	[6,8]	global
11	0	60	0	0	0	0	115	0	0	0	0	0	204	225	0	[1,6,12,13]	global
12	0	0	0	0	0	0	0	0	0	0	249	0	211	221	0	[10,12,13]	global
13	0	0	0	102	95	89	0	0	219	0	0	0	0	0	0	[3,4,5,8]	global
14	0	0	0	0	102	0	0	0	0	0	0	239	0	0	0	[4,11]	global
15	0	0	0	0	0	87	0	207	0	265	0	238	0	0	0	[5,7,9,11]	global
16	0	0	0	101	0	0	0	0	0	0	0	254	0	0	0	[3,11]	global
17	0	0	71	105	99	0	0	0	0	0	0	0	0	0	0	[2,3,4]	global
18	0	0	0	0	0	82	102	0	0	0	0	0	0	0	0	[5,6]	global
19	0	0	0	0	0	0	0	0	218	251	0	0	0	231	0	[8,9,13]	global
20	0	0	0	105	0	0	116	0	0	0	0	0	0	0	0	[3,6]	global
21	57	0	0	0	104	0	115	0	0	0	0	0	0	0	0	[0,4,6]	global
22	0	0	0	0	45	0	0	0	0	199	0	0	0	0	0	[4,9]	global
23	0	0	0	0	0	0	0	214	0	0	0	248	212	0	0	[7,11,12]	global
24	0	0	0	0	0	0	0	223	0	0	0	0	0	0	231	[7,14]	global
25	0	0	0	0	101	0	113	0	219	0	0	245	0	0	0	[4,6,8,11]	global
26	58	0	0	0	0	0	0	0	0	252	228	0	0	218	0	[0,9,10,13]	global
27	0	0	0	0	0	0	0	0	0	0	250	236	0	0	0	[10,11]	global
28	0	0	56	0	0	0	105	0	0	0	0	0	0	0	0	[2,6]	global
29	0	0	0	102	0	87	0	0	0	0	0	0	0	0	234	[3,5,14]	global
30	0	0	68	0	0	0	0	0	0	248	0	265	0	0	0	[2,9,11]	global
31	0	0	0	0	105	0	118	225	219	0	0	0	0	0	0	[4,6,7,8]	global
32	0	0	0	0	0	0	0	0	0	0	0	235	203	215	0	[11,12,13]	global
33	0	0	0	0	0	27	0	0	0	0	0	0	149	0	0	[5,12]	global
34	0	0	71	105	99	0	0	218	0	0	0	0	0	0	0	[2,3,4,7]	global
35	55	0	0	0	0	88	0	0	219	0	0	0	0	0	0	[0,5,8]	global
36	0	8	0	0	0	0	0	0	0	0	183	0	0	0	0	[1,10]	global
37	0	8	0	52	0	0	0	0	0	0	195	0	0	0	0	[1,3,10]	global
38	54	0	0	0	96	89	0	0	0	0	0	248	0	0	0	[0,4,5,11]	global
39	0	59	0	0	96	0	0	0	0	0	0	239	0	0	0	[1,4,11]	global
40	0	0	0	0	0	0	0	220	0	0	0	250	0	222	0	[7,11,13]	global
41	0	0	0	0	95	0	0	0	0	0	0	0	194	0	0	[4,12]	global
42	0	8	0	51	0	0	0	0	0	0	0	0	0	0	0	[1,3]	global
43	0	0	0	0	0	91	116	0	0	254	0	244	0	0	0	[5,6,9,11]	global
44	0	0	0	103	0	0	0	0	0	0	0	0	202	0	229	[3,12,14]	global
45	0	0	70	106	102	87	0	0	0	0	0	0	0	0	0	[2,3,4,5]	global
46	0	0	0	0	98	86	0	0	0	249	0	0	200	0	0	[4,5,9,12]	global
47	57	0	0	0	0	0	118	0	0	0	0	0	0	0	0	[0,6]	global
48	0	0	0	0	102	88	0	0	0	265	0	0	0	0	0	[4,5,9]	global
49	54	0	72	0	0	0	0	0	0	0	253	0	0	0	227	[0,2,10,14]	global
50	0	0	0	103	103	84	0	214	0	0	0	0	0	0	0	[3,4,5,7]	global


--------------
Stats:
	Total: 50
	Mean: 203.13888888888889
	StdDev: 58.79754745992036
	Max: 254
	Percentile (25, 50, 75, 95, 99): (212, 231, 249, 254, 254)
--------------

