ORDER	LAT_0	LAT_1	LAT_2	LAT_3	LAT_4	LAT_5	LAT_6	LAT_7	LAT_8	LAT_9	LAT_10	LAT_11	LAT_12	LAT_13	LAT_14	DSTS	MSGTYPE
1	0	0	0	0	0	0	186	0	164	0	0	0	0	0	0	[6,8]	global
2	0	0	0	0	181	0	0	0	0	207	0	197	0	181	0	[4,9,11,13]	global
3	95	0	0	0	0	170	0	0	166	0	0	0	0	0	165	[0,5,8,14]	global
4	102	0	0	160	0	0	0	0	0	0	0	0	0	0	0	[0,3]	global
5	0	157	0	0	0	0	173	0	165	0	0	0	0	0	166	[1,6,8,14]	global
6	0	0	0	0	184	0	0	0	170	0	0	199	0	0	0	[4,8,11]	global
7	97	157	0	151	0	0	0	0	168	0	0	0	0	0	0	[0,1,3,8]	global
8	0	0	0	0	0	0	0	0	0	207	0	197	0	0	0	[9,11]	global
9	0	0	111	0	0	0	0	161	0	0	0	0	0	0	0	[2,7]	global
10	104	0	0	0	0	165	0	0	0	0	0	0	0	0	0	[0,5]	global
11	101	157	0	156	0	0	0	0	0	0	0	0	0	0	0	[0,1,3]	global
12	0	0	0	158	0	0	0	0	169	0	0	0	174	0	183	[3,8,12,14]	global
13	0	0	0	0	186	0	0	0	174	0	0	198	0	0	0	[4,8,11]	global
14	103	0	0	0	0	173	0	0	0	0	0	0	182	0	0	[0,5,12]	global
15	0	0	113	0	0	170	0	0	167	0	0	193	0	0	0	[2,5,8,11]	global
16	0	161	0	0	0	0	0	0	0	211	0	204	0	0	181	[1,9,11,14]	global
17	0	165	0	0	0	0	0	0	164	0	0	0	0	0	176	[1,8,14]	global
18	0	0	112	0	0	172	0	0	166	0	0	0	0	0	175	[2,5,8,14]	global
19	0	0	0	0	0	0	0	0	0	178	168	0	0	0	0	[9,10]	global
20	0	0	0	0	0	166	0	163	167	0	199	0	0	0	0	[5,7,8,10]	global
21	0	0	115	0	0	0	185	165	162	0	0	0	0	0	0	[2,6,7,8]	global
22	0	166	107	0	0	0	177	0	0	0	0	0	0	179	0	[1,2,6,13]	global
23	0	162	0	0	0	0	0	160	0	0	0	0	167	0	0	[1,7,12]	global
24	0	168	0	0	0	168	177	0	0	0	0	0	0	0	0	[1,5,6]	global
25	0	0	111	0	0	0	0	0	0	204	0	0	0	172	167	[2,9,13,14]	global
26	0	0	111	0	184	0	0	0	0	0	0	195	0	0	0	[2,4,11]	global
27	100	0	0	0	0	167	0	160	0	0	195	0	0	0	0	[0,5,7,10]	global
28	95	164	0	157	0	0	0	0	0	0	0	0	0	0	167	[0,1,3,14]	global
29	0	0	0	0	0	148	0	0	0	0	0	0	0	0	164	[5,14]	global
30	106	0	0	157	0	0	0	0	169	214	0	0	0	0	0	[0,3,8,9]	global
31	0	0	0	0	0	0	0	0	0	0	187	188	171	184	0	[10,11,12,13]	global
32	0	173	0	165	188	0	0	0	0	0	198	0	0	0	0	[1,3,4,10]	global
33	98	0	109	0	0	0	0	0	0	0	0	0	176	183	0	[0,2,12,13]	global
34	0	163	0	0	0	0	0	160	0	205	0	0	0	186	0	[1,7,9,13]	global
35	0	0	109	0	0	170	0	158	0	0	0	0	0	0	168	[2,5,7,14]	global
36	0	0	0	153	0	0	0	0	0	0	0	199	0	0	0	[3,11]	global
37	100	0	112	0	0	0	180	0	0	0	0	0	0	0	0	[0,2,6]	global
38	0	0	0	0	0	0	0	0	163	0	0	0	0	0	176	[8,14]	global
39	0	0	108	0	175	0	170	0	0	206	0	0	0	0	0	[2,4,6,9]	global
40	0	0	0	157	0	0	0	0	0	0	0	204	0	0	176	[3,11,14]	global
41	0	160	0	0	188	0	0	163	0	215	0	0	0	0	0	[1,4,7,9]	global
42	0	0	0	0	0	170	171	153	0	0	0	0	0	0	0	[5,6,7]	global
43	0	164	110	0	0	0	180	163	0	0	0	0	0	0	0	[1,2,6,7]	global
44	0	164	0	0	0	177	0	0	0	0	197	0	181	0	0	[1,5,10,12]	global
45	97	0	0	0	182	0	0	0	0	0	0	198	168	0	0	[0,4,11,12]	global
46	0	0	0	0	0	0	0	163	0	216	0	0	0	0	0	[7,9]	global
47	0	155	0	0	0	0	0	0	0	0	199	0	0	0	176	[1,10,14]	global
48	0	0	0	0	187	170	0	0	0	208	0	0	0	0	0	[4,5,9]	global
49	0	0	0	0	0	0	185	0	0	218	0	0	178	0	0	[6,9,12]	global
50	0	0	0	0	0	176	0	0	0	202	0	209	183	0	0	[5,9,11,12]	global
51	0	0	0	0	180	0	0	0	0	0	0	0	173	0	0	[4,12]	global
52	0	161	0	0	0	0	0	0	0	0	197	0	176	0	0	[1,10,12]	global
53	0	164	0	157	0	0	0	0	0	0	0	0	0	0	0	[1,3]	global
54	0	0	0	153	0	179	0	0	0	0	0	0	0	0	0	[3,5]	global
55	0	0	0	0	178	0	166	0	0	0	0	0	0	0	0	[4,6]	global


--------------
Stats:
	Total: 55
	Mean: 187.46153846153845
	StdDev: 16.210532888163133
	Max: 207
	Percentile (25, 50, 75, 95, 99): (178, 186, 198, 206, 207)
--------------

