ORDER	LAT_0	LAT_1	LAT_2	LAT_3	LAT_4	LAT_5	LAT_6	LAT_7	LAT_8	LAT_9	LAT_10	LAT_11	LAT_12	LAT_13	LAT_14	DSTS	MSGTYPE
1	0	0	0	0	0	166	164	0	0	0	0	0	0	0	161	[5,6,14]	global
2	0	0	108	0	0	0	0	0	0	208	0	0	0	0	0	[2,9]	global
3	111	0	116	0	0	171	0	0	0	0	0	0	176	0	0	[0,2,5,12]	global
4	0	0	0	0	0	172	0	0	162	0	0	0	0	181	0	[5,8,13]	global
5	101	0	0	0	0	0	170	0	0	206	0	0	0	0	0	[0,6,9]	global
6	0	0	0	160	0	0	0	0	0	0	0	0	178	0	0	[3,12]	global
7	0	0	0	0	0	0	158	0	0	0	0	0	0	0	164	[6,14]	global
8	0	0	0	155	0	0	171	0	0	0	0	0	0	179	182	[3,6,13,14]	global
9	0	0	0	0	0	0	151	0	0	0	0	0	0	0	156	[6,14]	global
10	0	0	0	0	0	174	177	0	0	0	191	0	0	0	0	[5,6,10]	global
11	0	0	0	158	0	0	167	0	0	0	0	0	0	0	0	[3,6]	global
12	0	163	109	152	0	0	0	0	0	0	0	0	0	0	0	[1,2,3]	global
13	0	0	106	0	0	0	0	0	162	0	0	197	0	0	172	[2,8,11,14]	global
14	0	0	95	0	0	0	0	0	0	0	0	188	0	0	0	[2,11]	global
15	0	0	107	0	0	0	0	162	0	0	0	0	0	0	0	[2,7]	global
16	0	0	0	0	0	0	0	0	0	187	160	0	0	0	0	[9,10]	global
17	101	159	0	0	0	0	0	0	0	206	0	0	0	0	0	[0,1,9]	global
18	0	0	115	160	0	0	0	0	0	0	0	0	0	0	0	[2,3]	global
19	0	168	0	0	0	0	0	0	171	0	0	0	0	0	0	[1,8]	global
20	0	0	93	0	0	0	159	0	0	0	0	184	0	0	0	[2,6,11]	global
21	0	0	0	171	0	0	172	0	0	0	0	0	0	0	0	[3,6]	global
22	0	164	115	0	179	0	179	0	0	0	0	0	0	0	0	[1,2,4,6]	global
23	0	0	0	0	0	0	177	0	168	0	197	0	0	0	0	[6,8,10]	global
24	0	0	0	0	0	0	177	162	0	0	0	0	0	0	0	[6,7]	global
25	0	0	0	154	0	0	0	0	0	0	0	0	0	0	163	[3,14]	global
26	0	165	0	0	0	0	0	162	0	0	0	0	0	186	179	[1,7,13,14]	global
27	0	153	0	0	0	0	174	0	0	0	0	0	0	0	174	[1,6,14]	global
28	0	0	115	0	0	0	0	168	0	0	0	195	0	0	0	[2,7,11]	global
29	0	0	0	0	0	0	0	0	0	198	180	0	0	0	0	[9,10]	global
30	0	0	0	0	0	150	0	0	0	0	0	0	0	170	152	[5,13,14]	global
31	0	0	0	0	160	0	0	0	0	0	168	0	0	0	0	[4,10]	global
32	0	0	0	0	0	0	175	0	160	0	0	0	174	0	0	[6,8,12]	global
33	0	0	0	151	176	0	0	0	0	0	0	0	0	0	169	[3,4,14]	global
34	100	0	0	0	0	0	172	0	0	0	0	198	0	0	171	[0,6,11,14]	global
35	0	0	98	0	0	153	0	0	0	0	0	186	0	168	0	[2,5,11,13]	global
36	0	160	0	0	0	169	0	0	0	0	0	0	0	0	0	[1,5]	global
37	0	0	0	108	0	0	0	113	0	0	0	0	0	0	0	[3,7]	global
38	0	0	0	157	0	0	171	0	0	210	0	0	177	0	0	[3,6,9,12]	global
39	0	0	97	0	0	0	154	0	0	0	0	0	160	174	0	[2,6,12,13]	global
40	0	0	0	0	0	0	160	0	0	0	0	186	0	0	0	[6,11]	global
41	0	0	0	0	189	0	0	0	174	0	196	0	0	0	0	[4,8,10]	global
42	0	0	0	0	0	0	169	0	0	202	188	0	0	0	168	[6,9,10,14]	global
43	0	0	0	0	0	0	175	0	0	205	0	193	0	0	0	[6,9,11]	global
44	0	163	0	0	0	0	0	167	0	209	0	0	0	0	0	[1,7,9]	global
45	0	0	0	0	0	0	151	0	0	0	0	0	158	0	0	[6,12]	global
46	0	0	0	0	0	0	159	0	0	0	0	0	0	0	167	[6,14]	global
47	0	161	0	0	0	161	177	158	0	0	0	0	0	0	0	[1,5,6,7]	global
48	0	0	0	0	179	167	0	0	0	204	0	0	0	0	0	[4,5,9]	global
49	0	0	0	0	0	160	0	0	0	0	184	199	0	0	0	[5,10,11]	global
50	0	0	0	152	0	0	0	0	0	206	0	0	181	0	177	[3,9,12,14]	global
51	0	0	0	156	169	0	0	0	0	0	0	193	0	176	0	[3,4,11,13]	global
52	0	0	0	103	0	0	0	119	0	0	0	0	0	0	0	[3,7]	global
53	0	169	0	0	0	0	178	0	0	0	0	0	0	0	0	[1,6]	global
54	95	0	0	0	0	0	0	0	0	0	183	0	168	0	0	[0,10,12]	global
55	0	0	0	0	0	0	0	0	0	208	0	0	184	0	0	[9,12]	global
56	0	0	0	0	0	0	175	161	0	0	0	0	0	0	0	[6,7]	global
57	0	0	0	0	0	0	0	0	0	205	0	0	170	0	0	[9,12]	global


--------------
Stats:
	Total: 57
	Mean: 180.9512195121951
	StdDev: 18.928749588274705
	Max: 205
	Percentile (25, 50, 75, 95, 99): (174, 182, 196, 204, 205)
--------------

