ORDER	LAT_0	LAT_1	LAT_2	LAT_3	LAT_4	LAT_5	LAT_6	LAT_7	LAT_8	LAT_9	LAT_10	LAT_11	LAT_12	LAT_13	LAT_14	DSTS	MSGTYPE
1	109	185	0	0	0	0	0	0	0	0	0	215	0	0	0	[0,1,11]	global
2	107	0	0	170	0	0	188	170	0	0	0	0	0	0	0	[0,3,6,7]	global
3	0	0	124	0	197	176	0	0	0	0	0	0	0	0	0	[2,4,5]	global
4	112	183	125	0	0	0	0	0	0	0	0	0	0	0	0	[0,1,2]	global
5	114	0	0	0	197	0	0	0	0	0	0	0	178	0	0	[0,4,12]	global
6	110	0	0	0	197	0	0	181	0	0	0	0	0	0	188	[0,4,7,14]	global
7	0	186	0	0	0	185	0	0	0	206	0	0	0	0	197	[1,5,9,14]	global
8	0	0	131	166	0	0	0	0	0	0	0	219	0	0	0	[2,3,11]	global
9	0	0	0	175	183	178	0	178	0	0	0	0	0	0	0	[3,4,5,7]	global
10	0	0	0	0	200	0	0	0	0	0	217	0	191	204	0	[4,10,12,13]	global
11	109	0	0	0	0	0	0	0	0	0	0	0	0	197	0	[0,13]	global
12	113	0	0	0	192	0	0	0	181	0	0	0	0	0	0	[0,4,8]	global
13	0	0	132	0	0	0	195	181	0	0	0	0	182	0	0	[2,6,7,12]	global
14	0	0	127	0	0	0	0	0	0	0	215	0	0	197	195	[2,10,13,14]	global
15	0	183	0	0	0	0	197	0	0	214	231	0	0	0	0	[1,6,9,10]	global
16	0	0	0	169	198	179	0	182	0	0	0	0	0	0	0	[3,4,5,7]	global
17	0	0	0	173	0	0	185	0	190	0	0	0	188	0	0	[3,6,8,12]	global
18	0	0	0	0	0	0	0	0	184	0	0	216	0	0	0	[8,11]	global
19	0	0	115	0	0	0	0	0	0	0	0	0	0	0	187	[2,14]	global
20	0	0	0	0	180	0	0	0	0	0	196	0	0	0	0	[4,10]	global
21	112	0	0	0	199	0	0	0	0	0	221	0	0	0	0	[0,4,10]	global
22	104	0	129	0	0	0	0	0	188	0	0	0	0	0	0	[0,2,8]	global
23	0	0	117	0	0	0	0	0	0	0	0	0	0	181	0	[2,13]	global
24	0	0	0	176	0	0	0	0	188	0	0	0	0	198	0	[3,8,13]	global
25	0	166	0	0	0	0	0	0	187	198	206	0	0	0	0	[1,8,9,10]	global
26	119	177	0	0	0	0	0	0	0	204	0	0	0	0	0	[0,1,9]	global
27	0	0	122	0	0	0	197	0	189	0	0	210	0	0	0	[2,6,8,11]	global
28	0	0	118	0	0	0	184	0	0	0	211	0	0	0	0	[2,6,10]	global
29	112	0	0	0	0	178	0	0	0	0	0	214	186	0	0	[0,5,11,12]	global
30	0	0	119	0	0	0	180	0	0	0	0	0	185	0	0	[2,6,12]	global
31	0	0	0	0	199	0	0	0	0	0	210	0	0	0	189	[4,10,14]	global
32	0	171	0	0	0	182	0	0	0	0	0	0	0	0	0	[1,5]	global
33	107	0	0	0	0	0	0	0	0	0	0	0	184	0	0	[0,12]	global
34	0	0	129	0	0	0	0	174	0	202	0	0	0	0	0	[2,7,9]	global
35	0	0	0	128	0	0	0	137	0	0	0	0	0	0	0	[3,7]	global
36	116	0	0	0	0	195	0	0	0	0	0	0	0	0	0	[0,5]	global
37	0	162	0	0	190	0	194	0	0	0	212	0	0	0	0	[1,4,6,10]	global
38	112	175	0	0	0	0	0	0	0	0	0	0	185	0	0	[0,1,12]	global
39	0	0	127	175	0	0	0	0	0	0	0	212	0	0	0	[2,3,11]	global
40	0	0	0	0	0	0	190	181	0	0	210	208	0	0	0	[6,7,10,11]	global
41	0	0	0	175	0	0	0	0	0	0	217	0	0	0	0	[3,10]	global
42	0	0	121	0	0	169	0	0	0	0	0	0	178	0	0	[2,5,12]	global
43	110	0	0	0	0	0	0	0	0	196	0	0	0	0	191	[0,9,14]	global
44	0	0	0	180	205	0	0	0	186	0	0	0	0	0	0	[3,4,8]	global
45	0	168	124	0	0	0	0	0	0	195	0	0	0	197	0	[1,2,9,13]	global
46	0	0	0	0	195	0	0	0	0	0	0	0	0	0	196	[4,14]	global
47	0	0	0	0	0	0	0	0	186	0	0	219	0	0	0	[8,11]	global
48	0	181	0	0	0	0	190	0	194	0	0	0	0	0	0	[1,6,8]	global
49	0	173	0	0	0	187	0	0	0	0	0	0	0	0	0	[1,5]	global
50	0	0	0	0	189	0	0	0	0	0	206	216	0	0	194	[4,10,11,14]	global
51	0	0	0	0	0	0	0	0	0	0	0	209	0	0	190	[11,14]	global
52	0	0	123	0	194	0	0	0	0	0	0	0	0	197	0	[2,4,13]	global


--------------
Stats:
	Total: 52
	Mean: 199.42105263157896
	StdDev: 16.821208586825126
	Max: 216
	Percentile (25, 50, 75, 95, 99): (195, 197, 210, 215, 216)
--------------

