ORDER	LAT_0	LAT_1	LAT_2	LAT_3	LAT_4	LAT_5	LAT_6	LAT_7	LAT_8	LAT_9	LAT_10	LAT_11	LAT_12	LAT_13	LAT_14	DSTS	MSGTYPE
1	0	0	0	0	0	0	169	0	0	0	0	0	0	177	172	[6,13,14]	global
2	0	0	126	0	0	0	0	0	0	225	0	0	0	0	188	[2,9,14]	global
3	0	0	0	0	0	0	0	0	0	219	0	0	0	0	186	[9,14]	global
4	0	0	0	0	0	166	172	0	0	0	0	0	171	0	0	[5,6,12]	global
5	106	0	0	0	0	0	0	0	0	0	0	0	176	0	0	[0,12]	global
6	0	0	0	0	186	175	187	0	0	206	0	0	0	0	0	[4,5,6,9]	global
7	0	0	0	0	0	0	0	171	0	0	0	0	187	194	190	[7,12,13,14]	global
8	0	0	0	0	0	0	0	169	0	0	190	201	0	189	0	[7,10,11,13]	global
9	0	0	123	0	0	0	0	170	0	0	0	0	0	0	0	[2,7]	global
10	0	165	0	0	0	0	0	0	168	211	0	0	0	0	196	[1,8,9,14]	global
11	0	170	0	0	188	0	0	0	0	0	0	0	0	184	0	[1,4,13]	global
12	0	0	0	0	0	0	174	0	0	0	0	0	0	0	177	[6,14]	global
13	107	0	0	0	0	0	0	0	0	217	0	0	0	0	0	[0,9]	global
14	0	0	118	161	0	0	0	0	0	220	0	0	0	0	0	[2,3,9]	global
15	109	0	0	165	0	0	0	0	0	0	0	0	0	185	0	[0,3,13]	global
16	0	0	0	0	0	0	0	0	0	209	0	0	193	205	0	[9,12,13]	global
17	0	0	0	0	0	171	0	0	170	0	0	0	0	0	0	[5,8]	global
18	0	0	0	161	0	0	0	0	0	0	0	0	0	187	0	[3,13]	global
19	0	0	0	0	0	180	0	0	0	0	184	0	0	0	0	[5,10]	global
20	0	0	0	0	0	160	174	0	0	0	0	0	0	187	0	[5,6,13]	global
21	0	172	0	0	0	0	190	0	0	0	0	0	0	0	0	[1,6]	global
22	0	0	0	172	0	0	189	0	167	0	197	0	0	0	0	[3,6,8,10]	global
23	0	0	0	0	0	0	194	0	0	217	0	195	0	0	0	[6,9,11]	global
24	0	0	0	162	0	183	0	0	0	213	194	0	0	0	0	[3,5,9,10]	global
25	107	0	0	0	0	0	0	0	0	0	184	200	0	0	0	[0,10,11]	global
26	0	165	0	0	0	0	0	171	0	0	0	0	181	0	0	[1,7,12]	global
27	114	0	0	164	0	0	0	0	0	0	0	0	183	0	0	[0,3,12]	global
28	0	0	104	0	0	0	175	0	0	0	0	0	0	0	0	[2,6]	global
29	0	0	0	0	0	185	0	0	159	0	0	205	184	0	0	[5,8,11,12]	global
30	0	0	0	160	0	0	0	0	0	218	0	194	0	0	188	[3,9,11,14]	global
31	106	0	0	0	189	0	0	0	165	0	0	199	0	0	0	[0,4,8,11]	global
32	0	0	0	0	0	0	0	179	176	228	0	0	0	0	0	[7,8,9]	global
33	0	0	0	0	0	0	0	0	0	0	193	0	179	186	0	[10,12,13]	global
34	0	0	109	0	0	0	182	0	0	210	0	0	0	0	176	[2,6,9,14]	global
35	0	0	0	0	0	0	0	0	177	209	196	198	0	0	0	[8,9,10,11]	global
36	0	184	0	180	0	0	0	0	174	230	0	0	0	0	0	[1,3,8,9]	global
37	0	169	0	160	0	0	0	0	0	0	0	196	0	0	0	[1,3,11]	global
38	0	167	0	0	0	0	0	0	0	211	0	0	180	0	195	[1,9,12,14]	global
39	0	0	0	0	0	0	0	0	0	0	0	183	0	0	169	[11,14]	global
40	0	0	123	0	0	0	178	0	0	217	0	0	0	0	187	[2,6,9,14]	global
41	0	165	0	0	0	182	0	0	0	0	0	0	0	0	0	[1,5]	global
42	105	0	0	0	0	177	0	0	0	0	0	0	184	186	0	[0,5,12,13]	global
43	0	0	0	0	0	0	0	0	0	0	191	0	0	195	0	[10,13]	global
44	0	0	0	0	192	0	0	0	171	220	0	0	0	0	0	[4,8,9]	global
45	0	0	0	0	0	178	0	0	0	210	0	0	0	0	0	[5,9]	global
46	0	0	0	0	0	179	0	0	175	0	192	0	0	187	0	[5,8,10,13]	global
47	0	0	0	152	180	0	0	0	0	201	0	0	0	188	0	[3,4,9,13]	global
48	114	0	0	173	0	0	0	173	0	0	0	0	0	0	0	[0,3,7]	global
49	101	0	117	0	0	0	0	0	0	0	0	0	0	0	0	[0,2]	global
50	0	180	0	0	197	0	0	0	0	0	0	0	0	0	0	[1,4]	global
51	0	165	0	0	0	0	0	0	0	0	0	197	0	0	0	[1,11]	global
52	0	0	0	0	187	177	0	170	0	0	0	0	0	0	0	[4,5,7]	global


--------------
Stats:
	Total: 52
	Mean: 198.89473684210526
	StdDev: 16.451056769940195
	Max: 217
	Percentile (25, 50, 75, 95, 99): (187, 197, 209, 217, 219)
--------------

